17
8
1
0
1
11
11
11
11
11
11
4
1
0
0
0
0
0
0
4
1
0
0
0
0
0
0
4
1
0
0
0
0
0
0
4
1
0
0
0
0
0
0
4
7
7
0
0
0
0
9
9
7
7
0
0
0
0
9
9
0
2
0
0
0
0
5
0
0
2
0
0
0
0
5
0
0
2
0
0
0
0
5
0
8
8
0
0
0
0
10
10
8
8
0
0
0
0
10
10
3
0
0
0
0
0
0
6
3
0
0
0
0
0
0
6
3
0
0
0
0
0
0
6
3
0
0
0
0
0
0
6
3
12
12
12
12
12
12
6
3
1
1
4
1
1
2
3
3
0
0
0
0
0
0
4
2
0
0
0
0
0
0
2
3
0
0
0
0
0
0
2
1
0
0
0
0
0
0
4
1
1
0
0
0
0
2
2
4
3
0
0
0
0
2
1
0
1
0
0
0
0
2
0
0
3
0
0
0
0
1
0
0
1
0
0
0
0
2
0
1
4
0
0
0
0
1
4
4
3
0
0
0
0
3
4
4
0
0
0
0
0
0
3
4
0
0
0
0
0
0
4
3
0
0
0
0
0
0
4
3
0
0
0
0
0
0
1
4
3
3
4
1
4
4
3
1
2
0
1
2
2
3
1
1
0
0
0
0
0
0
0
4
0
0
0
0
0
0
1
0
0
0
0
0
0
0
5
1
0
0
0
0
0
0
2
0
1
0
0
0
0
1
2
3
3
0
0
0
0
2
1
0
5
0
0
0
0
2
0
0
2
0
0
0
0
1
0
0
1
0
0
0
0
1
0
1
3
0
0
0
0
0
1
1
2
0
0
0
0
0
1
1
0
0
0
0
0
0
1
0
0
0
0
0
0
0
2
1
0
0
0
0
0
0
1
0
0
0
0
0
0
0
2
1
0
1
1
2
0
0
0
13
20
10
15
22
30
18
10
8
21
13
18
12
0
3
1
3
4
5
2
2
1
3
2
2
2
0
2
5
10
20
42
90
200
400
750
1500
1
2
4
8
16
35
70
150
300
600
2
4
9
18
38
78
160
330
680
1300
3
7
15
30
62
125
250
500
1050
2200
4
10
25
50
120
250
510
1080
2300
5000
1
3
6
14
30
60
122
245
490
1000
1
2
4
8
16
30
58
110
200
350
1
2
3
5
9
17
35
60
100
200
3
6
12
20
40
75
130
250
480
1000
1
3
6
11
22
40
74
125
233
450
2
4
8
16
33
66
133
268
538
1100
1
3
6
12
24
49
99
200
410
830
0
0
0
0
0
0
0
0
0
0
1782
2454
1299
1405
3
4
3
3
17
4
3
8
1
5
1
2
0
0
0
0
0
500
