15
13
1
0
15
1
1
1
1
1
1
1
1
1
1
1
16
15
0
5
0
6
0
7
0
8
0
9
0
16
15
0
5
0
6
0
7
0
8
0
9
0
16
15
0
5
0
6
0
7
0
8
0
9
0
16
15
0
5
0
6
0
7
0
8
0
9
0
16
15
0
5
0
6
0
7
0
8
0
9
0
16
15
2
2
2
2
2
2
2
2
2
2
2
16
15
0
0
0
0
0
0
0
0
0
0
0
16
15
3
3
3
3
3
3
3
3
3
3
3
16
15
0
10
0
11
0
12
0
13
0
14
0
16
15
0
10
0
11
0
12
0
13
0
14
0
16
15
0
10
0
11
0
12
0
13
0
14
0
16
15
0
10
0
11
0
12
0
13
0
14
0
16
15
0
10
0
11
0
12
0
13
0
14
0
16
15
4
4
4
4
4
4
4
4
4
4
4
16
1
3
1
1
3
3
1
4
3
0
3
3
4
4
0
0
0
0
0
3
0
1
0
1
0
3
3
0
1
0
3
0
1
0
1
0
1
0
3
0
0
4
0
1
0
1
0
3
0
3
0
3
3
0
3
0
1
0
3
0
4
0
4
0
3
1
0
1
0
4
0
1
0
3
0
3
0
4
3
1
4
1
0
3
1
1
4
3
3
3
4
2
0
0
0
0
0
0
0
0
0
0
0
3
1
2
2
2
2
2
2
2
3
4
4
1
4
3
0
2
0
1
0
2
0
4
0
4
0
4
2
0
2
0
2
0
2
0
2
0
3
0
4
2
0
2
0
2
0
2
0
1
0
4
0
4
0
0
2
0
2
0
0
0
3
0
4
0
4
3
0
1
0
2
0
2
0
4
0
4
0
4
2
2
2
2
2
1
2
1
3
4
3
4
4
0
0
1
1
1
0
0
0
0
0
0
1
1
0
0
0
0
0
0
1
0
0
0
0
0
0
0
0
1
0
0
0
1
0
0
0
0
0
0
0
0
0
0
1
0
0
0
0
0
1
0
1
0
0
0
0
0
0
1
0
0
0
0
0
1
0
0
2
0
0
0
0
0
0
0
1
0
0
0
0
0
0
0
0
1
0
0
0
1
1
2
0
0
0
0
0
0
0
0
0
0
0
0
1
1
2
1
1
1
0
2
0
0
0
2
0
1
0
0
2
0
2
0
1
0
0
0
1
0
2
0
0
3
0
1
0
0
0
0
0
0
0
2
1
0
1
0
1
0
1
0
0
0
1
0
1
0
0
0
0
2
0
0
0
0
0
0
0
3
1
0
0
0
1
0
0
0
1
0
2
0
0
1
2
3
2
2
0
0
0
0
0
0
3
0
17
20
20
20
20
30
30
30
30
30
30
30
30
30
30
22
22
0
3
3
3
3
4
4
4
4
4
4
4
4
4
4
3
3
0
2
4
7
12
20
30
45
80
150
250
2
4
7
12
20
30
45
80
150
250
2
4
7
12
20
30
45
80
150
250
2
4
7
12
20
30
45
80
150
250
3
8
15
30
60
110
200
400
700
1200
3
8
15
30
60
110
200
400
700
1200
3
8
15
30
60
110
200
400
700
1200
3
8
15
30
60
110
200
400
700
1200
3
8
15
30
60
110
200
400
700
1200
3
8
15
30
60
110
200
400
700
1200
3
8
15
30
60
110
200
400
700
1200
3
8
15
30
60
110
200
400
700
1200
3
8
15
30
60
110
200
400
700
1200
3
8
15
30
60
110
200
400
700
1200
1
3
6
10
15
25
40
70
130
220
1
3
6
10
15
25
40
70
130
220
0
0
0
0
0
0
0
0
0
0
350
1079
606
842
4
2
2
2
13
3
1
2
1
8
7
11
0
0
0
0
0
500
