20 32
00000                           
    0                           
    000000000           455     
            0         444 5     
    00000   0         4 4 5     
   1100000000       33344 5     
   1  000         233 3   5     
   1            222 333   5     
   111          2 2       5     
     1        22222       5     
     1    11122 2         5     
     1    1 1 222         5     
     1  11111             5     
     1111 1               5     
        111               5     
           777777   666   5     
     CB9   77   777 6 6   5     
       9      888 7 66666 5     
       999    8   7   6 66555555
    FED9 A99888   77777      555
1 1 1
35
