20 27
000                        
  0      0000111111        
  00    00        1        
   0    0         1        
   000000 332     1        
554       3 2     1        
5 4       3 2     1        
5 4       3 2     1        
5 4       3 2221  1        
5 4333333a3    1  1        
5              1  1        
5     89999    1111        
5     8   9                
5     8   A99BCD9abcEabcdeF
5     8                    
5     7776                 
5        6                 
5        6                 
5        6                 
5a55555666                 
1 1 1
25
