20 40
00000                                   
    0                                   
    0                                   
    0      1111122222333333445556666667 
    00    11   1  2 2  3  3 4  5 6 6  7 
     00   1    1  2 2  3  3 4  5 6 6  7 
      0  11         2  3  3 4  5 6    7 
      00 1                  4  5      7 
       011                            7 
                                      7 
                                      7 
                         88888        7 
                         8   8        7 
                         8   8        7 
                         8   7777777777 
                         8             F
                         888a8b8c99    E
                            8 8 8 9    D
                              8 8 9    C
                                8 9A99B9
1 1 1
25
