20 29
00000    33a3        44455555
    0    3  333a444444 4    5
00000    3             4    5
0        33a333a333a33 4    5
0                    3 4    5
0                   23  766 5
0               12222   7 6 5
00001111111111a11   2 777 6 5
   0        0   0   2 7   6 5
   0        0   0   2 7 666 5
   0  000 000   000   7 6   5
   0000 000 00    0   7 6   5
             0    0   7 65  5
             0    0   7  5555
             0   00   77 5   
             00  0   A 7 5  F
              0  0 77777 5  E
            000  0 7 9      D
            0  000 7    89BC9
            0000   7a8888    
1 1 1
30
