20 33
00           122a22              
 0           1    2              
 0           1    2   3833       
 0          11    2   3  3       
 0          1     23a333b33      
 0         01       3 3 3 3      
 0         0        3 3 3 3      
 0        00        3 3 3 3      
 0        0             3 3      
 0       00               3      
 0       0                3      
 0      00                3      
 0      0                 3      
 00000000                 3      
     0      665555554444443      
0b0  0      6                    
0 0  00     6666777788889999BCDEF
0b0   0                          
0     0                          
0000000                          
1 1 1
20
