14 34
000                 56666         
  0              4555   6777788888
  0   122223333444           9   8
  00  1                          8
   0  1                          D
   0  1                          E
   00 1110                       F
    0    0                       C
    00   0000                    B
     0      0                    A
     00000000                    c
                                 b
                                 a
                                 8
1 1 1
15
