20 37
0000000000000000000000003 011        
      a      0 0 0 0 0 0  0 1 111    
      0 1111 0 0 0 0 000000 1 1 1 122
      0 1  1 0 0 0 0        1 1 1 1 2
        1  100 0 0 0        111 1 1 2
        1      0 0000           111 2
        1      0    0      233      2
        1      0    0  112 2 3      2
        1     00    0  1 2 2 3      2
        1     0     0  1 2 2 3 332  2
        1     0     0  1 222 3 3 2  2
        1 112100    0111     3 3 2  2
        111 2  0 566     EF  3 3 2222
  3a3     1 2    5 6     D   3 33    
  3 3       2    5 666   9C  3  3    
  33322222222    5   6    B  3  3    
    3          444   67   A  33333334
    33333a444444      7 77876       4
               4      777 8 6665    4
               4        7   6  555444
1 1 1
25
