20 40
    00000000000000000000000000000 000000
    0 0  0 0   0 0  0           000 0  0
    0 0000000000000000000000000   0 0  0
00000   1   1 1   1           0    00   
        111111111111          0 0000 111
           2   2   1111111111 0 0    1 1
           22a222           1 0 000  1 1
             3  2  1111111111 0   0  1 1
             3  2  1          0 000111 1
             3  2 2a2         0 0      1
             3  2 2 2 223 00000 0 2222 1
             3  2 2 2 2 3 0     0 2  2 1
             3 2222 2 2 3 0000000 22 2 1
             3 2    2a2 3          2 2 1
             3          3 3333333332 111
         3a3 3          3 3             
         3 3 3          3 3        56666
         3a3a33333333333333444445555   6
                                       6
                      FEDCBA988877776666
4 1 1
20
