T=10 J=11 Q=12 K=13 L=14 M=15 S=20

1-9 (05-22)
  1 2 3 4 5 6 7 8 9 TOTAL
3 6 6 6 6 6 6 6 6 6  54
4 8 8 8 8 8 8 8 8 8  72
5 9 9 9 9 9 9 9 9 9  81

1-K (05-29)
  1 2 3 4 5 6 7 8 9 T J Q K TOTAL
3 4 4 4 4 4 4 4 4 4 4 4 4 4  52
4 5 5 5 5 5 5 5 5 5 5 5 5 5  65
5 6 6 6 6 6 6 6 6 6 6 6 6 6  78

1-M (05-35)
  1 2 3 4 5 6 7 8 9 T J Q K L M TOTAL
3 3 3 3 3 4 4 4 4 4 4 4 4 4 4 4  56
4 4 4 4 4 5 5 5 5 5 5 5 5 5 5 5  71
5 5 5 5 5 6 6 6 6 6 6 5 5 5 5 5  81

1-S (05-35)
  1 2 3 4 5 6 7 8 9 T J Q K L M S TOTAL
3 3 3 3 3 4 4 4 4 4 4 3 3 3 3 3 1  52
4 4 4 4 4 4 4 4 4 4 4 4 4 4 4 4 2  62
5 5 5 5 5 5 5 5 5 5 5 5 5 5 5 5 2  77