0 0 5 8 11 14 17 20 23 26
540 53 0 1 1
8 6 3
11 7 3
13 7 4
16 8 4
19 8 5
21 9 5
25 10 5
28 11 6
30 11 5
35 2 1
40 3 1
46 4 2
52 5 2
58 6 3
65 7 3
72 8 4
80 9 4
88 10 5
96 11 5
104 12 6
113 13 6
122 14 7
131 15 7
141 16 8
151 17 8
161 18 9
172 19 9
183 20 10
194 21 10
205 22 11
216 23 11
228 24 12
240 25 12
252 26 13
265 27 13
279 28 14
294 29 14
309 30 15
325 31 15
342 32 16
359 33 16
377 34 17
395 35 17
413 36 18
431 37 18
449 38 19
468 39 19
488 40 20
510 11 6
512 10 5
515 10 6
518 9 5
520 8 4
32
523 50 41 33 26 20 15 10 5 2
100
