920 37 20
50 10 20 550 3
20 0
50 20 11
58 88 8
67 57 50
112 78 40
182 0
205 55 45
220 50 45
250 52 30
300 63 25
322 50 45
344 58 35
366 55 50
386 63 40
410 105 40
430 58 40
460 107 45
490 50 45
548 65 30
600 51 30
620 48 40
640 50 45
660 116 40
680 53 40
715 70 40
732 55 50
750 40 22
768 140 20
781 40 32
794 35 22
802 0
836 40 14
856 42 30
876 41 31
886 20 10
896 45 5
916 46 40
漕溪路田林东路
95 65 1
漕河泾
190 280 5
漕宝路习勤路
222 43 3
漕宝路桂林路
296 55 12
漕宝路虹漕路
339 32 7
漕宝路桂平路
382 33 7
漕宝路虹梅路
419 41 8
漕宝路万源路
497 25 7
漕宝路龙茗路
555 92 60
漕宝路虹莘路
607 32 21
漕宝路星中路
643 37 20
漕宝路星西路
677 5 6
漕宝路新镇路
717 11 20
七宝
760 10 93
七莘路富强街
790 3 68
联明路七莘路
809 1 3
中春路联明路
840 1 1
中谊路华林路
880 0 1
七莘路华茂路
906 0 1
交大农学院
920 0 15
