658 46 26
30 20 30 370 8
16 20 15
32 40 15
48 14 7
68 0
81 45 15
87 25 20
94 0
109 10 5
125 16 8
138 14 8
143 25 20
155 15 8
168 13 8
184 39 20
204 0
222 17 10
248 24 19
252 25 20
271 0
295 35 20
312 52 6
330 0
357 30 15
370 15 10
387 30 12
400 0
420 32 15
440 39 18
460 25 15
480 28 15
492 26 21
505 36 15
514 33 18
533 38 12
545 20 12
557 19 14
570 21 12
583 30 12
590 20 15
600 24 12
610 21 16
614 19 14
622 20 14
634 0
642 30 25
652 39 11
田林路莲花路
28 15 1
古美路田林路
52 7 1
古美路宜山路
63 5 1
宜山路虹许路
92 8 2
田林路桂平路
130 5 1
田林路虹漕路
153 9 1
桂林路田林路
188 175 32
桂林路宜山路
198 23 8
市六医院
229 116 32
中山西路宜山路
276 76 18
上海体育馆
345 218 50
零陵路双峰北路
364 10 4
宛平南路斜土路
394 79 48
斜土路东安路
415 50 22
斜土路枫林路
450 72 38
斜土路大木桥路
471 29 23
斜土路瑞金南路
499 13 11
斜土路打浦路
509 25 31
斜土路鲁班路
538 15 14
斜土路蒙自路
549 6 14
斜土路制造局路
565 6 21
斜土东路西藏南路
586 5 15
国货路南车站路
602 2 3
国货路海潮路
618 0 1
陆家浜路海潮路
638 0 1
南浦大桥
658 0 36
