1220 61 27
50 15 25 650 3
40 16 8
80 54 15
140 45 40
185 88 40
210 72 40
235 85 35
255 75 50
268 45 40
288 0
296 15 10
313 18 9
325 16 11
345 55 25
370 69 20
390 43 30
410 45 30
450 67 18
460 18 9
472 24 15
482 30 15
490 25 17
500 0
518 70 22
533 48 40
558 85 14
583 28 20
600 32 15
620 42 30
645 106 15
662 35 30
675 38 32
700 70 20
710 30 21
722 28 20
734 35 20
746 25 17
758 30 15
778 40 18
803 55 15
823 77 20
843 50 30
863 45 30
885 0
905 33 20
923 24 12
941 20 12
959 22 11
981 26 12
1001 0
1014 34 12
1037 25 12
1057 27 12
1071 37 12
1086 23 11
1096 26 20
1106 24 16
1126 0
1171 35 30
1185 62 11
1200 0
1213 20 8
龙茗路田林路
54 161 0
漕宝路万源路
143 5 0
漕宝路虹梅路
225 22 3
桂菁路漕宝路
273 2 1
田林路桂菁路
294 1 1
田林路虹漕路
318 10 2
桂林路田林路
351 108 28
桂林路宜山路
366 48 3
桂林路钦江路
398 53 10
桂林路吴中路
441 1 1
宋园路黄金城道
478 95 33
虹桥路长顺路
527 106 40
淮海西路凯旋路
562 88 32
左家宅
576 67 28
淮海西路番禺路
597 25 18
华山路淮海西路
650 17 12
华山路复兴西路
713 38 30
华山路长乐路
753 18 24
华山路乌鲁木齐中路
774 38 67
华山路延安中路
813 15 15
静安寺
875 46 86
胶州路北京西路
909 19 15
胶州路康定路
955 11 15
海防路西康路
1033 5 14
海防路江宁路
1074 2 20
昌化路安远路
1103 0 14
上海火车站
1220 0 30
