684 32 13
40 13 20 400 3
4 26 13
24 32 20
46 40 15
67 28 12
87 25 16
100 66 15
120 115 40
146 70 35
172 57 50
192 50 35
227 60 30
247 47 35
265 99 35
295 50 35
314 70 30
333 45 31
352 96 30
383 53 35
403 42 30
434 73 35
445 62 30
470 52 35
490 88 30
525 95 30
553 60 30
608 80 22
618 38 30
624 50 45
634 45 30
647 36 30
660 42 35
672 51 30
仙霞路古北路
39 76 0
仙霞路遵义路
83 141 2
延安西路中山西路
128 55 8
延安西路凯旋路
152 73 12
延安西路定西路
197 38 7
延安西路江苏路
259 111 21
延安西路镇宁路
289 45 11
延安中路铜仁路
398 68 18
延安中路陕西北路
441 31 14
延安中路石门一路
486 31 16
延安东路重庆北路
532 17 18
延安东路西藏中路
570 7 39
延安东路江西中路
684 0 23
