1062 49 19
45 10 20 600 3
17 12 6
38 0
43 70 12
113 0
128 19 7
147 24 7
153 29 20
158 36 30
162 33 25
167 39 31
177 35 22
190 63 20
201 37 25
211 34 22
230 40 15
252 28 12
263 21 12
278 24 9
286 0
309 33 25
340 80 20
371 60 35
410 87 30
480 32 15
520 80 17
560 51 40
573 70 22
608 81 30
633 42 31
663 60 15
698 50 35
706 55 40
721 70 30
806 53 35
828 90 25
863 0
872 18 12
886 23 8
909 18 9
932 0
962 52 40
971 69 9
993 26 20
1010 67 22
1025 30 25
1029 33 25
1044 0
1050 10 5
1056 0
环镇南路虹梅路
14 2 0
虹梅路虹桥镇
31 120 1
虹许路古羊路
96 2 0
古羊路水城南路
130 62 6
古北路兴义路
215 21 8
娄山关路仙霞路
260 206 25
娄山关路天山路
282 198 29
中山西路天山路
345 53 11
中山西路长宁路
406 52 11
华东师大
472 53 20
中山北路曹杨路
568 46 20
和平新村
653 50 20
中山北路光新路
713 36 20
中山北路交通路
789 34 20
芷江西路普善路
891 13 20
芷江西路共和新路
922 10 16
中兴路共和新路
999 5 9
中兴路止园路
1022 0 13
永兴路公兴路
1062 0 5
