1152 45 22
30 5 12 630 3
30 0
45 0
85 0
109 27 15
116 25 15
133 38 30
143 87 23
168 73 20
193 0
218 32 20
238 28 20
242 32 22
262 103 25
297 57 45
317 93 40
367 86 30
397 65 35
430 71 40
443 102 47
465 115 40
497 73 40
540 91 35
610 55 25
650 93 20
695 57 40
708 102 35
748 110 50
780 58 40
792 65 50
812 82 35
827 37 25
847 50 25
872 55 30
884 60 30
949 0
961 32 20
981 28 20
997 40 20
1001 36 18
1021 75 20
1044 0
1069 40 20
1094 45 20
1124 0
1144 43 25
柳州路冠生园路
34 18 0
教育考试院
63 4 0
上海师大
105 69 0
桂林路漕宝路
139 101 5
桂林路田林路
174 135 18
宜山路桂林路
203 83 13
市六医院
233 120 22
中山西路宜山路
272 31 10
西区汽车站
325 62 13
中山西路虹桥路
373 57 13
中山西路天山路
462 68 16
中山西路长宁路
546 57 13
华东师大
604 60 14
中山北路曹杨路
703 71 18
陆家宅
775 62 14
和平新村
799 55 14
岚皋路华池路
875 32 25
新村路双山路
964 13 25
新村路志丹路
1016 13 30
新村路子长路
1041 5 30
宜川二村
1108 0 30
洛川路宜川路
1152 0 30
