693 43 21
15 15 25 330 8
20 30 18
32 15 7
45 12 6
60 8 4
69 15 9
74 19 13
77 11 7
94 18 9
105 7 3
113 13 7
133 26 14
140 35 22
160 15 6
168 26 18
178 10 5
187 6 3
198 12 6
220 15 8
230 9 4
243 17 10
253 15 9
266 19 12
279 11 6
300 24 12
320 26 14
340 10 5
360 12 6
380 14 7
400 16 8
420 18 9
440 20 10
460 22 11
480 24 12
500 27 14
520 21 11
540 18 9
560 16 8
580 14 7
600 12 6
620 6 3
640 10 5
660 9 4
688 10 5
上车点1
53 350 0
上车点2
88 400 0
上车点3
119 400 0
上车点4
143 420 0
上车点5
156 450 0
招呼站1
173 2 3
招呼站2
183 2 1
下车点1
270 0 30
下车点2
282 0 50
中继站1
290 320 60
下车点3
298 0 50
下车点4
347 0 35
中继站2
407 320 40
招呼站3
418 2 5
中继站3
475 300 50
下车点5
497 0 50
招呼站4
608 0 5
下车点6
616 0 40
招呼站5
670 0 2
招呼站6
685 0 2
终点站
693 0 0
