710 90 26
12 20 30 280 10
20 23 20
24 38 30
29 24 20
36 37 30
40 25 20
44 36 30
50 26 20
55 35 30
63 27 20
66 34 30
74 28 20
80 33 30
100 29 20
105 21 15
112 49 40
135 23 15
155 27 20
159 30 22
185 24 18
210 45 40
216 35 30
219 25 20
227 44 39
232 34 29
239 24 19
242 43 38
250 33 28
258 23 18
266 42 37
268 32 27
275 22 17
278 41 36
283 31 26
290 21 16
297 40 35
303 30 25
308 20 15
311 39 34
314 29 24
322 19 14
328 38 33
333 28 23
339 18 13
344 37 32
348 27 22
354 17 12
362 36 31
366 26 21
370 16 11
398 29 20
418 36 28
423 44 35
429 22 18
440 18 15
447 38 30
472 23 20
478 24 20
483 25 20
486 26 20
493 27 20
498 28 20
507 27 20
511 26 20
515 25 20
518 24 20
523 23 20
550 33 25
559 32 25
563 31 25
566 30 25
573 29 25
578 28 25
584 29 25
590 30 25
592 31 25
596 32 25
599 33 25
635 37 30
641 32 25
648 36 29
652 31 24
658 35 28
663 30 23
670 34 27
674 29 22
678 33 26
681 28 21
686 32 25
691 27 20
703 10 5
…œ≥µµ„1
58 300 0
…œ≥µµ„2
82 300 0
…œ≥µµ„3
90 300 0
…œ≥µµ„4
97 300 0
÷–ºÃ’æ1
116 350 60
’–∫Ù’æ1
126 0 3
÷–ºÃ’æ2
133 330 30
œ¬≥µµ„1
139 0 50
÷–ºÃ’æ3
148 350 40
’–∫Ù’æ2
165 0 2
÷–ºÃ’æ4
173 300 30
÷–ºÃ’æ5
183 330 40
÷–ºÃ’æ6
193 350 40
’–∫Ù’æ3
200 0 2
’–∫Ù’æ4
208 0 2
’–∫Ù’æ5
378 0 2
œ¬≥µµ„2
394 0 50
’–∫Ù’æ6
405 0 2
’–∫Ù’æ7
414 0 3
œ¬≥µµ„3
457 0 50
’–∫Ù’æ8
467 0 2
’–∫Ù’æ9
538 0 2
’–∫Ù’æ10
611 0 2
’–∫Ù’æ11
623 0 2
’–∫Ù’æ12
699 0 2
÷’µ„’æ
710 0 80
