970 21 28
15 15 25 280 8
30 18 9
42 14 7
72 28 16
92 20 12
100 26 15
200 24 12
220 12 6
232 45 30
240 18 9
300 17 5
330 12 4
360 16 5
400 35 20
500 50 30
513 21 8
522 15 6
530 16 11
565 40 20
600 24 12
750 10 5
850 12 6
上车点1
113 400 0
上车点2
148 450 0
上车点3
188 400 0
上车点4
255 300 0
上车点5
293 300 0
下车点1
317 0 70
中继站1
352 330 40
中继站2
382 300 35
下车点2
404 0 40
招呼站1
462 0 2
下车点3
493 0 50
下车点4
578 0 50
招呼站2
640 0 2
招呼站3
680 0 2
招呼站4
730 0 2
招呼站5
810 0 2
招呼站6
819 0 2
招呼站7
836 0 2
招呼站8
846 0 2
招呼站9
863 0 2
招呼站10
871 0 2
招呼站11
889 0 2
招呼站12
910 0 2
招呼站13
930 0 2
招呼站14
936 0 2
招呼站15
945 0 2
招呼站16
960 0 2
终点站
970 0 90