1128 72 31
30 15 25 650 4
30 30 15
48 29 9
62 22 13
85 10 5
95 14 6
105 32 14
120 16 8
135 37 20
145 9 5
151 15 8
161 8 4
183 40 15
199 24 12
210 15 7
230 30 16
260 70 20
269 12 4
286 21 6
292 50 30
300 13 4
314 25 7
325 40 26
336 18 9
347 60 38
360 10 5
368 14 7
382 25 13
412 84 21
418 10 5
426 18 9
432 70 40
452 110 66
472 24 12
492 35 13
512 27 7
519 20 8
546 11 6
555 95 14
566 70 35
596 40 20
620 85 45
650 23 14
670 30 12
690 50 25
720 68 8
750 26 13
758 34 19
772 15 7
778 22 8
790 40 21
815 17 6
822 44 9
835 30 13
845 60 30
868 45 25
890 90 55
910 35 18
916 33 20
940 50 20
948 18 9
960 24 12
980 30 8
1005 16 7
1013 28 17
1039 47 12
1050 18 9
1065 36 18
1080 12 6
1088 22 11
1100 16 6
1114 13 7
1122 11 5
第1站
54 116 1
第2站
90 91 1
第3站
102 180 8
第4站
126 242 15
第5站
187 146 35
第6站
222 34 12
第7站
247 38 12
第8站
304 57 13
第9站
321 122 20
第10站
340 131 50
第11站
400 65 28
第12站
442 67 50
第13站
466 59 30
第14站
500 54 26
第15站
532 7 5
第16站
559 124 54
第17站
586 52 25
第18站
633 55 34
第19站
680 55 40
第20站
711 40 40
第21站
765 21 32
第22站
801 17 15
第23站
840 18 16
第24站
880 31 22
第25站
919 33 26
第26站
934 12 13
第27站
994 12 13
第28站
1036 10 13
第29站
1063 4 5
第30站
1095 0 3
第31站(终点站)
1128 0 33
