1326 44 22
35 10 18 670 3
30 30 15
60 40 20
90 50 25
120 60 30
150 81 50
180 70 50
210 100 64
240 158 96
270 62 36
300 98 50
330 56 26
360 80 45
390 124 74
420 51 25
450 142 82
480 60 30
510 72 40
540 93 70
570 32 14
600 120 52
630 86 40
660 98 50
690 111 66
720 145 73
750 126 71
780 100 58
810 83 50
840 113 48
870 89 53
900 71 35
930 40 15
960 92 40
990 59 35
1020 36 18
1050 130 70
1080 93 63
1110 77 30
1140 160 90
1170 50 22
1200 66 33
1230 41 25
1260 98 58
1290 25 12
1320 30 15
第1站
66 5 0
第2站
103 15 3
第3站
160 25 10
第4站
260 80 30
第5站
356 40 30
第6站
398 45 30
第7站
426 32 30
第8站
468 100 33
第9站
565 58 26
第10站
666 63 30
第11站
715 50 20
第12站
739 40 20
第13站
848 126 76
第14站
897 42 30
第15站
1000 23 13
第16站
1084 22 13
第17站
1118 20 18
第18站
1165 12 11
第19站
1209 6 10
第20站
1256 3 8
第21站
1297 0 15
第22站(终点站)
1326 0 15
