1206 40 22
20 10 18 520 5
30 8 4
60 12 6
90 16 8
120 20 10
150 24 12
180 28 14
210 32 16
240 36 18
270 40 20
300 44 22
330 48 24
360 52 26
390 56 28
420 60 30
450 83 50
480 107 66
510 47 20
540 115 70
570 99 60
600 64 49
630 10 5
660 14 7
690 18 9
720 22 11
750 26 13
780 30 15
810 34 17
840 38 19
870 42 21
900 46 23
930 50 25
960 54 27
990 58 29
1020 103 60
1050 88 45
1080 117 76
1110 73 44
1140 55 31
1170 94 70
1200 40 28
第1站
66 8 0
第2站
110 12 1
第3站
158 30 10
第4站
185 78 30
第5站
233 70 24
第6站
286 42 11
第7站
366 35 11
第8站
429 88 32
第9站
517 132 100
第10站
558 53 26
第11站
635 55 26
第12站
686 68 30
第13站
763 106 45
第14站
806 36 21
第15站
829 46 22
第16站
862 23 20
第17站
922 18 10
第18站
999 18 20
第19站
1073 10 6
第20站
1118 3 6
第21站
1189 0 25
第22站(终点站)
1206 0 20
