0 0 10 10 20 20 30 30 40 40
250 80 3 0 0
5 4 2
32 2 1
34 3 1
36 4 1
38 5 1
40 6 1
42 7 1
44 8 1
46 9 1
48 10 1
50 11 1
52 12 1
54 13 1
56 14 1
58 15 1
60 16 1
62 17 1
64 18 1
66 19 1
68 20 1
70 21 1
72 20 1
74 19 1
76 18 1
78 17 1
80 16 1
82 15 1
84 14 1
86 13 1
88 12 1
90 11 1
92 10 1
94 9 1
96 8 1
98 7 1
100 6 1
102 5 1
104 4 1
106 3 1
108 2 1
132 2 1
134 3 1
136 4 1
138 5 1
140 6 1
142 7 1
144 8 1
146 9 1
148 10 1
150 11 1
152 12 1
154 13 1
156 14 1
158 15 1
160 16 1
162 17 1
164 18 1
166 19 1
168 20 1
170 21 1
172 20 1
174 19 1
176 18 1
178 17 1
180 16 1
182 15 1
184 14 1
186 13 1
188 12 1
190 11 1
192 10 1
194 9 1
196 8 1
198 7 1
200 6 1
202 5 1
204 4 1
206 3 1
208 2 1
234 4 2
16 110 220
8
